Name: In-silico spectrum 73
Formula:
MW:
CAS#:
Comments: in-silico spectrum
Num peaks: 35
27.00 4.08
29.00 74.42
39.00 105.17
41.00 794.10
42.00 133.91
43.00 749.48
53.00 106.79
54.00 86.94
55.00 996.07
56.00 279.28
57.00 697.97
58.00 30.68
67.00 364.07
68.00 287.61
69.00 878.52
70.00 217.83
71.00 329.88
81.00 266.95
82.00 334.60
83.00 799.32
84.00 115.01
85.00 204.37
95.00 298.31
97.00 593.88
98.00 109.05
99.00 52.66
110.00 80.82
111.00 336.76
112.00 45.74
113.00 27.49
125.00 170.20
126.00 37.07
139.00 85.29
140.00 15.37
141.00 35.67
