Name: In-silico spectrum 69
Formula:
MW:
CAS#:
Comments: in-silico spectrum
Num peaks: 97
27.00 6.13
28.00 6.52
29.00 65.03
39.00 29.43
40.00 6.45
41.00 300.51
42.00 76.61
43.00 724.19
44.00 20.63
53.00 13.70
54.00 17.22
55.00 251.04
56.00 175.32
57.00 909.72
58.00 42.59
65.00 0.62
67.00 21.66
68.00 21.82
69.00 152.27
70.00 125.85
71.00 617.87
72.00 31.73
82.00 9.71
83.00 105.70
84.00 74.83
85.00 421.61
86.00 27.00
96.00 15.87
97.00 93.37
98.00 45.59
99.00 141.53
100.00 12.39
110.00 2.65
111.00 50.62
112.00 37.24
113.00 99.60
114.00 8.57
124.00 2.54
125.00 26.80
126.00 29.28
127.00 73.68
128.00 5.96
139.00 10.96
140.00 25.14
141.00 56.42
142.00 6.19
153.00 5.93
154.00 22.78
155.00 47.51
156.00 5.63
167.00 5.55
168.00 35.79
169.00 39.20
170.00 3.58
182.00 14.80
183.00 31.59
184.00 5.22
196.00 21.25
197.00 26.29
198.00 3.09
210.00 17.43
211.00 26.13
212.00 0.10
224.00 30.25
225.00 28.26
226.00 6.90
238.00 15.09
239.00 30.67
240.00 4.05
252.00 16.55
253.00 21.62
254.00 1.19
266.00 13.25
267.00 19.82
268.00 4.01
280.00 16.35
281.00 23.91
282.00 3.99
294.00 14.86
295.00 27.20
296.00 9.13
308.00 9.46
309.00 19.41
310.00 3.42
322.00 2.83
323.00 12.11
324.00 5.16
336.00 6.76
337.00 11.90
338.00 3.24
350.00 4.75
351.00 16.22
352.00 2.93
365.00 2.19
393.00 2.41
421.00 2.87
463.00 0.60
