Name: In-silico spectrum 60
Formula:
MW:
CAS#:
Comments: in-silico spectrum
Num peaks: 102
28.00 4.19
29.00 43.64
39.00 19.10
40.00 5.38
41.00 243.25
42.00 60.95
43.00 640.73
44.00 18.94
53.00 11.39
54.00 9.05
55.00 189.18
56.00 146.69
57.00 823.51
58.00 38.55
65.00 1.14
67.00 9.20
68.00 10.48
69.00 109.05
70.00 106.45
71.00 570.56
72.00 30.12
81.00 2.01
83.00 56.31
84.00 58.62
85.00 388.86
86.00 25.24
91.00 2.86
96.00 11.56
97.00 62.79
98.00 38.23
99.00 135.77
100.00 12.46
110.00 4.30
111.00 31.78
112.00 30.71
113.00 97.07
114.00 9.09
124.00 3.60
125.00 18.30
126.00 25.38
127.00 72.13
128.00 7.79
139.00 6.69
140.00 21.15
141.00 54.97
142.00 6.14
153.00 3.95
154.00 19.93
155.00 46.14
156.00 5.59
167.00 2.95
168.00 35.19
169.00 38.52
170.00 4.24
182.00 11.85
183.00 31.08
184.00 3.43
196.00 23.50
197.00 28.17
198.00 2.05
210.00 15.57
211.00 27.24
212.00 1.13
224.00 31.68
225.00 28.86
226.00 5.71
238.00 15.27
239.00 34.29
240.00 5.43
252.00 17.52
253.00 23.30
254.00 1.19
266.00 12.76
267.00 20.89
268.00 4.03
280.00 15.45
281.00 23.95
282.00 4.35
294.00 14.41
295.00 28.44
296.00 9.75
308.00 10.95
309.00 20.77
310.00 3.61
322.00 4.78
323.00 15.13
324.00 4.27
336.00 9.59
337.00 15.45
338.00 4.76
350.00 7.42
351.00 19.67
352.00 5.41
365.00 3.21
366.00 0.67
379.00 4.15
393.00 4.98
394.00 1.65
421.00 2.99
449.00 2.34
450.00 0.29
477.00 0.86
