Name: In-silico spectrum 23
Formula:
MW:
CAS#:
Comments: in-silico spectrum
Num peaks: 108
28.00 3.02
29.00 34.74
39.00 15.46
40.00 5.28
41.00 240.95
42.00 59.84
43.00 631.54
44.00 18.95
53.00 11.31
54.00 9.95
55.00 201.19
56.00 146.63
57.00 825.00
58.00 38.65
65.00 1.40
67.00 14.18
68.00 13.24
69.00 119.86
70.00 105.39
71.00 573.97
72.00 30.43
81.00 8.27
83.00 71.65
84.00 56.84
85.00 391.85
86.00 25.65
91.00 4.42
96.00 16.09
97.00 74.72
98.00 39.96
99.00 141.33
100.00 12.99
110.00 7.06
111.00 38.77
112.00 31.19
113.00 101.44
114.00 9.60
124.00 5.15
125.00 22.60
126.00 25.80
127.00 75.03
128.00 8.25
138.00 0.73
139.00 8.95
140.00 22.44
141.00 57.63
142.00 6.48
152.00 0.83
153.00 6.34
154.00 20.95
155.00 48.23
156.00 5.85
167.00 4.11
168.00 39.61
169.00 41.82
170.00 4.60
182.00 12.55
183.00 32.81
184.00 3.78
196.00 27.96
197.00 31.19
198.00 2.65
210.00 17.05
211.00 29.35
212.00 1.42
224.00 36.55
225.00 32.33
226.00 6.38
238.00 17.70
239.00 37.71
240.00 6.07
252.00 21.05
253.00 26.72
254.00 1.90
266.00 15.25
267.00 23.84
268.00 4.65
280.00 18.16
281.00 26.76
282.00 4.92
294.00 18.43
295.00 32.82
296.00 10.97
308.00 13.32
309.00 23.62
310.00 4.37
322.00 7.28
323.00 18.01
324.00 5.12
336.00 12.79
337.00 18.90
338.00 5.94
350.00 9.90
351.00 23.49
352.00 6.78
364.00 0.96
365.00 6.58
366.00 1.54
379.00 6.68
392.00 1.34
393.00 7.54
394.00 2.67
421.00 4.43
435.00 0.77
449.00 4.32
450.00 1.42
463.00 1.19
477.00 2.93
