Name: In-silico spectrum 28
Formula:
MW:
CAS#:
Comments: in-silico spectrum
Num peaks: 34
27.00 16.35
29.00 73.00
39.00 61.99
41.00 367.15
42.00 87.69
43.00 808.99
53.00 63.10
54.00 12.89
55.00 285.73
56.00 188.10
57.00 1112.79
58.00 55.05
68.00 21.69
69.00 173.81
70.00 140.34
71.00 732.47
83.00 96.11
84.00 57.67
85.00 495.02
97.00 84.23
98.00 57.96
99.00 169.12
111.00 41.24
112.00 25.51
113.00 113.98
125.00 12.83
126.00 27.21
127.00 77.50
139.00 13.88
140.00 9.33
141.00 117.66
155.00 52.68
168.00 27.63
169.00 107.60
