Name: In-silico spectrum 46
Formula:
MW:
CAS#:
Comments: in-silico spectrum
Num peaks: 61
26.00 0.50
27.00 54.92
28.00 13.41
29.00 108.78
39.00 46.55
40.00 7.29
41.00 277.50
42.00 72.93
43.00 695.29
44.00 19.20
53.00 13.99
54.00 7.56
55.00 150.11
56.00 154.99
57.00 798.54
58.00 37.06
65.00 0.60
68.00 0.50
69.00 70.56
70.00 119.05
71.00 529.77
72.00 26.95
83.00 0.65
84.00 76.03
85.00 356.66
86.00 21.71
97.00 11.36
98.00 30.30
99.00 93.87
100.00 8.45
111.00 2.36
112.00 29.77
113.00 63.67
114.00 5.06
126.00 23.75
127.00 49.36
128.00 4.54
140.00 15.63
141.00 35.94
142.00 3.99
154.00 13.87
155.00 29.77
156.00 3.31
168.00 5.25
169.00 15.22
170.00 1.56
182.00 8.54
183.00 18.74
184.00 1.03
197.00 6.36
210.00 7.60
211.00 12.35
225.00 4.87
226.00 1.23
239.00 9.06
240.00 0.18
267.00 0.59
281.00 5.03
282.00 0.33
296.00 1.50
309.00 0.65
