Name: In-silico spectrum 8
Formula:
MW:
CAS#:
Comments: in-silico spectrum
Num peaks: 71
26.00 0.40
27.00 44.88
28.00 12.06
29.00 105.23
39.00 45.69
40.00 8.56
41.00 302.91
42.00 78.11
43.00 739.96
44.00 20.98
53.00 16.05
54.00 10.17
55.00 190.44
56.00 169.74
57.00 864.60
58.00 40.03
65.00 0.92
68.00 8.11
69.00 101.60
70.00 128.01
71.00 576.01
72.00 29.46
83.00 35.45
84.00 81.26
85.00 389.76
86.00 24.31
97.00 36.66
98.00 35.62
99.00 109.48
100.00 9.17
111.00 17.71
112.00 33.00
113.00 74.98
114.00 5.98
125.00 5.94
126.00 26.16
127.00 57.28
128.00 4.92
140.00 18.68
141.00 42.39
142.00 4.69
154.00 16.84
155.00 35.74
156.00 4.16
167.00 0.57
168.00 13.23
169.00 21.71
170.00 1.28
182.00 10.22
183.00 22.79
184.00 3.24
197.00 10.12
210.00 9.41
211.00 14.58
224.00 5.28
225.00 9.82
226.00 2.71
238.00 2.92
239.00 12.20
240.00 0.26
253.00 4.54
266.00 0.75
267.00 4.47
268.00 0.14
280.00 2.71
281.00 9.75
282.00 0.90
295.00 4.03
296.00 2.19
309.00 5.61
324.00 1.20
