Name: In-silico spectrum 26
Formula:
MW:
CAS#:
Comments: in-silico spectrum
Num peaks: 35
57.00 901.54
411.00 3833.53
412.00 4037.69
413.00 4747.54
414.00 5100.89
415.00 4918.30
416.00 4660.71
417.00 4661.92
418.00 4357.48
419.00 3935.60
420.00 11977.99
421.00 15575.01
422.00 21569.07
423.00 24036.73
424.00 23708.52
425.00 23007.51
426.00 21841.77
427.00 20497.12
428.00 18998.12
431.00 964.20
432.00 1712.14
433.00 2106.39
434.00 1670.34
435.00 2212.73
436.00 1778.35
437.00 1743.46
447.00 12426.40
448.00 10831.47
449.00 22201.76
450.00 33304.10
451.00 34962.14
452.00 34255.60
453.00 32902.77
454.00 31351.85
455.00 29311.82
