Name: In-silico spectrum 55
Formula:
MW:
CAS#:
Comments: in-silico spectrum
Num peaks: 35
57.00 1078.26
411.00 4574.49
412.00 4830.71
413.00 5666.31
414.00 6098.23
415.00 5870.52
416.00 5547.43
417.00 5551.80
418.00 5193.35
419.00 4684.97
420.00 14360.18
421.00 18675.37
422.00 25900.62
423.00 28851.95
424.00 28464.38
425.00 27617.48
426.00 26213.11
427.00 24588.38
428.00 22799.39
431.00 1155.61
432.00 2036.23
433.00 2511.75
434.00 1991.13
435.00 2632.30
436.00 2116.48
437.00 2085.31
447.00 14901.51
448.00 12984.75
449.00 26650.51
450.00 39977.37
451.00 41959.82
452.00 41106.54
453.00 39487.48
454.00 37630.90
455.00 35200.47
