Name: In-silico spectrum 70
Formula:
MW:
CAS#:
Comments: in-silico spectrum
Num peaks: 119
28.00 1.13
29.00 24.25
39.00 13.62
40.00 6.20
41.00 283.86
42.00 69.75
43.00 687.11
44.00 21.07
53.00 13.31
54.00 19.28
55.00 287.20
56.00 172.27
57.00 922.68
58.00 43.30
65.00 1.55
67.00 38.44
68.00 30.38
69.00 186.02
70.00 119.39
71.00 639.43
72.00 33.21
81.00 25.01
82.00 34.99
83.00 152.22
84.00 65.00
85.00 439.71
86.00 29.06
91.00 6.99
95.00 7.39
96.00 33.79
97.00 133.12
98.00 50.99
99.00 166.72
100.00 14.75
110.00 15.72
111.00 73.61
112.00 37.90
113.00 119.80
114.00 10.88
124.00 9.30
125.00 41.78
126.00 30.18
127.00 86.96
128.00 7.87
138.00 3.56
139.00 18.71
140.00 28.92
141.00 67.65
142.00 7.36
152.00 4.34
153.00 13.95
154.00 26.62
155.00 57.13
156.00 6.70
166.00 1.45
167.00 8.87
168.00 54.89
169.00 53.22
170.00 5.22
181.00 3.15
182.00 16.67
183.00 37.99
184.00 6.39
195.00 3.16
196.00 40.62
197.00 39.75
198.00 5.51
209.00 0.89
210.00 22.10
211.00 35.04
212.00 0.95
222.00 1.06
223.00 4.00
224.00 50.98
225.00 43.35
226.00 9.73
238.00 24.74
239.00 46.90
240.00 7.62
252.00 31.39
253.00 36.43
254.00 4.18
266.00 23.02
267.00 32.62
268.00 6.99
280.00 26.99
281.00 35.35
282.00 6.14
294.00 31.69
295.00 46.76
296.00 14.84
308.00 19.67
309.00 31.22
310.00 5.97
322.00 13.37
323.00 24.90
324.00 8.40
336.00 20.63
337.00 27.21
338.00 7.95
350.00 15.58
351.00 33.32
352.00 9.51
364.00 8.99
365.00 15.75
366.00 3.23
379.00 10.44
392.00 5.73
393.00 13.40
394.00 4.23
407.00 2.20
421.00 8.84
435.00 3.24
449.00 8.55
450.00 3.43
463.00 8.30
477.00 8.15
505.00 1.86
519.00 1.32
