Name: In-silico spectrum 9
Formula:
MW:
CAS#:
Comments: in-silico spectrum
Num peaks: 34
27.00 14.17
29.00 59.57
39.00 66.90
41.00 367.16
42.00 71.53
43.00 758.31
53.00 73.80
54.00 4.57
55.00 285.04
56.00 202.38
57.00 1125.13
58.00 53.71
68.00 9.66
69.00 192.77
70.00 184.02
71.00 789.59
83.00 66.69
84.00 57.11
85.00 509.38
97.00 64.86
98.00 50.83
99.00 172.12
111.00 36.86
112.00 20.46
113.00 122.53
125.00 8.98
126.00 24.56
127.00 83.81
139.00 22.90
140.00 20.57
141.00 126.59
155.00 62.03
168.00 22.02
169.00 101.99
