Name: In-silico spectrum 4
Formula:
MW:
CAS#:
Comments: in-silico spectrum
Num peaks: 173
14.00 1.47
25.00 3.61
26.00 55.29
27.00 16.20
28.00 76.33
29.00 2.78
36.00 0.12
37.00 2.00
38.00 52.50
39.00 12.68
40.00 88.34
41.00 72.65
42.00 94.57
43.00 24.37
49.00 0.82
50.00 2.78
51.00 1.17
52.00 24.57
53.00 30.60
54.00 86.90
55.00 82.81
56.00 94.50
57.00 37.01
58.00 0.26
64.00 4.18
65.00 3.80
66.00 59.02
67.00 41.68
68.00 81.00
69.00 79.93
70.00 88.57
71.00 29.68
72.00 0.49
76.00 5.53
77.00 1.83
78.00 9.77
79.00 4.01
80.00 36.25
81.00 64.49
82.00 78.41
83.00 72.11
84.00 86.27
85.00 23.07
90.00 7.67
91.00 2.10
92.00 4.50
93.00 2.23
94.00 25.40
95.00 32.87
96.00 75.82
97.00 48.74
98.00 75.19
99.00 8.01
103.00 0.36
104.00 3.22
105.00 0.04
106.00 2.07
107.00 2.27
108.00 15.26
109.00 16.55
110.00 67.01
111.00 39.65
112.00 63.11
113.00 5.53
114.00 0.01
116.00 0.99
118.00 0.49
120.00 0.79
121.00 0.99
122.00 6.80
123.00 9.24
124.00 40.75
125.00 28.28
126.00 50.51
127.00 3.89
128.00 1.10
130.00 0.91
132.00 0.16
134.00 1.85
135.00 0.38
136.00 6.42
137.00 6.21
138.00 18.93
139.00 25.21
140.00 39.70
141.00 4.43
148.00 4.73
150.00 1.80
151.00 4.06
152.00 11.64
153.00 18.96
154.00 30.83
155.00 3.44
164.00 1.73
165.00 3.53
166.00 9.04
167.00 21.46
168.00 23.41
169.00 2.74
178.00 1.22
179.00 1.41
180.00 1.55
181.00 12.01
182.00 20.16
183.00 2.42
190.00 0.43
193.00 1.25
194.00 3.13
195.00 13.84
196.00 15.59
197.00 1.90
202.00 0.25
203.00 0.20
206.00 0.20
207.00 1.65
208.00 3.24
209.00 11.93
210.00 15.49
211.00 2.01
216.00 1.52
217.00 1.03
218.00 0.33
221.00 3.08
222.00 5.04
223.00 14.45
224.00 8.47
225.00 1.71
235.00 1.55
236.00 1.85
237.00 9.76
238.00 16.56
239.00 2.41
249.00 0.39
250.00 1.84
251.00 6.46
252.00 11.47
253.00 2.03
263.00 0.08
264.00 0.47
265.00 8.53
266.00 10.98
267.00 2.31
277.00 0.08
278.00 0.10
279.00 10.60
280.00 11.85
281.00 1.16
291.00 0.37
292.00 0.97
293.00 8.36
294.00 11.93
295.00 2.24
306.00 0.85
307.00 6.42
308.00 3.32
309.00 2.82
319.00 0.01
320.00 0.16
321.00 3.49
322.00 4.96
323.00 1.77
335.00 3.47
336.00 7.48
337.00 1.47
349.00 3.09
350.00 2.67
351.00 0.85
363.00 2.72
364.00 4.28
365.00 0.48
378.00 1.94
392.00 3.77
393.00 1.18
