Name: In-silico spectrum 21
Formula:
MW:
CAS#:
Comments: in-silico spectrum
Num peaks: 78
26.00 0.27
27.00 41.12
28.00 12.12
29.00 104.06
39.00 45.38
40.00 7.90
41.00 316.04
42.00 82.28
43.00 743.98
44.00 20.52
53.00 15.56
54.00 15.19
55.00 222.87
56.00 177.25
57.00 875.23
58.00 40.62
65.00 0.71
67.00 9.73
68.00 15.36
69.00 126.95
70.00 131.95
71.00 580.32
72.00 29.43
83.00 71.42
84.00 84.55
85.00 393.12
86.00 24.58
96.00 0.65
97.00 61.03
98.00 39.92
99.00 113.42
100.00 9.62
111.00 32.23
112.00 36.03
113.00 77.46
114.00 6.05
125.00 14.24
126.00 28.03
127.00 58.65
128.00 4.42
139.00 4.69
140.00 21.52
141.00 44.23
142.00 4.82
154.00 18.65
155.00 36.65
156.00 4.11
167.00 3.02
168.00 16.81
169.00 24.25
170.00 1.70
182.00 12.39
183.00 24.20
184.00 3.59
196.00 2.18
197.00 12.19
198.00 0.25
210.00 12.46
211.00 16.44
224.00 9.70
225.00 12.80
226.00 3.73
238.00 5.32
239.00 13.88
240.00 0.31
252.00 1.99
253.00 6.63
266.00 3.54
267.00 6.81
268.00 0.69
280.00 6.09
281.00 12.13
282.00 1.47
295.00 7.78
296.00 3.27
309.00 7.35
310.00 0.54
324.00 1.62
