Name: In-silico spectrum 68
Formula:
MW:
CAS#:
Comments: in-silico spectrum
Num peaks: 53
26.00 2.03
27.00 79.55
28.00 18.33
29.00 147.77
30.00 1.54
39.00 63.31
40.00 9.55
41.00 338.74
42.00 89.75
43.00 774.65
44.00 20.74
53.00 17.88
54.00 13.56
55.00 199.65
56.00 182.25
57.00 848.54
58.00 38.86
65.00 0.81
68.00 9.51
69.00 104.48
70.00 140.74
71.00 546.17
72.00 27.23
83.00 39.79
84.00 96.78
85.00 366.78
86.00 22.36
97.00 29.57
98.00 34.66
99.00 84.33
100.00 6.75
111.00 14.22
112.00 35.41
113.00 54.29
114.00 3.42
125.00 1.62
126.00 27.11
127.00 43.00
128.00 2.85
140.00 18.07
141.00 31.66
142.00 3.47
154.00 14.53
155.00 25.12
156.00 2.42
167.00 0.46
169.00 8.30
182.00 10.04
183.00 16.51
184.00 1.78
210.00 7.45
211.00 6.16
226.00 0.39
