Name: In-silico spectrum 63
Formula:
MW:
CAS#:
Comments: in-silico spectrum
Num peaks: 66
15.00 1.81
26.00 6.66
27.00 126.68
28.00 34.58
29.00 207.39
30.00 1.17
39.00 97.30
40.00 23.55
41.00 492.12
42.00 110.79
43.00 613.70
44.00 21.37
50.00 0.11
51.00 9.02
53.00 42.03
54.00 48.13
55.00 547.71
56.00 225.50
57.00 555.89
58.00 23.30
65.00 10.48
66.00 4.14
67.00 138.82
68.00 86.30
69.00 389.53
70.00 179.53
71.00 267.76
72.00 13.43
77.00 10.18
81.00 45.77
82.00 236.02
83.00 440.17
84.00 138.46
85.00 171.63
86.00 9.11
91.00 5.30
95.00 20.81
96.00 40.32
97.00 258.97
98.00 55.90
99.00 3.96
100.00 0.38
110.00 14.71
111.00 152.98
112.00 43.14
115.00 1.51
124.00 10.84
125.00 69.74
126.00 27.16
131.00 19.32
132.00 0.44
138.00 6.93
139.00 36.13
140.00 27.27
152.00 6.08
153.00 21.88
154.00 13.27
166.00 7.25
167.00 19.66
180.00 2.64
181.00 6.99
182.00 11.26
195.00 1.39
209.00 2.27
210.00 7.38
223.00 2.91
