Name: In-silico spectrum 7
Formula:
MW:
CAS#:
Comments: in-silico spectrum
Num peaks: 35
57.00 1147.34
411.00 4864.35
412.00 5139.12
413.00 6025.57
414.00 6487.01
415.00 6243.08
416.00 5896.43
417.00 5901.11
418.00 5520.90
419.00 4979.63
420.00 15283.41
421.00 19877.41
422.00 27574.90
423.00 30715.56
424.00 30304.11
425.00 29401.13
426.00 27904.85
427.00 26173.29
428.00 24270.52
431.00 1229.77
432.00 2163.76
433.00 2670.42
434.00 2117.05
435.00 2797.29
436.00 2249.74
437.00 2218.15
447.00 15860.88
448.00 13819.47
449.00 28371.08
450.00 42558.89
451.00 44668.82
452.00 43759.53
453.00 42036.58
454.00 40060.85
455.00 37476.57
