Name: In-silico spectrum 2
Formula:
MW:
CAS#:
Comments: in-silico spectrum
Num peaks: 33
29.00 12.44
39.00 69.68
41.00 676.99
42.00 83.77
43.00 658.42
53.00 83.13
54.00 80.41
55.00 988.18
56.00 106.46
57.00 575.94
58.00 21.95
67.00 439.04
68.00 205.26
69.00 683.06
70.00 100.38
71.00 288.23
81.00 292.67
82.00 592.25
83.00 921.08
84.00 55.58
85.00 143.25
95.00 333.90
97.00 549.98
98.00 59.59
99.00 22.33
110.00 84.35
111.00 298.59
112.00 16.77
113.00 15.02
125.00 141.70
126.00 10.99
139.00 75.58
141.00 5.34
