Name: In-silico spectrum 15
Formula:
MW:
CAS#:
Comments: in-silico spectrum
Num peaks: 39
15.00 10.39
26.00 4.33
27.00 160.47
28.00 30.57
29.00 226.70
30.00 2.33
38.00 1.52
39.00 98.51
40.00 14.45
41.00 325.80
42.00 89.00
43.00 743.61
44.00 20.13
50.00 1.87
51.00 9.09
53.00 22.99
54.00 0.74
55.00 69.07
56.00 160.71
57.00 680.43
58.00 29.53
65.00 2.19
70.00 138.13
71.00 404.41
72.00 19.10
84.00 105.82
85.00 263.73
86.00 13.97
98.00 12.07
99.00 4.96
100.00 0.02
112.00 24.42
115.00 1.06
126.00 18.99
127.00 1.55
131.00 12.35
140.00 3.98
154.00 1.15
182.00 0.27
