Name: In-silico spectrum 3
Formula:
MW:
CAS#:
Comments: in-silico spectrum
Num peaks: 40
15.00 8.43
26.00 4.06
27.00 154.66
28.00 29.56
29.00 221.12
30.00 1.91
38.00 0.56
39.00 95.80
40.00 14.10
41.00 327.61
42.00 88.94
43.00 754.04
44.00 20.53
50.00 1.17
51.00 8.31
53.00 22.57
54.00 1.00
55.00 75.85
56.00 162.44
57.00 702.89
58.00 30.66
65.00 2.00
69.00 3.19
70.00 138.71
71.00 422.56
72.00 20.11
84.00 104.92
85.00 276.28
86.00 14.84
98.00 13.39
99.00 12.04
100.00 0.68
112.00 24.98
126.00 19.56
127.00 5.40
128.00 0.06
131.00 10.13
140.00 4.60
154.00 2.03
182.00 0.76
