Name: In-silico spectrum 27
Formula:
MW:
CAS#:
Comments: in-silico spectrum
Num peaks: 35
57.00 573.78
411.00 2452.92
412.00 2556.65
413.00 3032.11
414.00 3240.49
415.00 3139.26
416.00 3006.49
417.00 2999.38
418.00 2798.06
419.00 2539.17
420.00 7533.15
421.00 9790.05
422.00 13488.02
423.00 15051.05
424.00 14831.45
425.00 14406.23
426.00 13684.17
427.00 12862.64
428.00 11904.05
431.00 606.16
432.00 1106.54
433.00 1348.90
434.00 1070.58
435.00 1430.12
436.00 1145.47
437.00 1106.11
447.00 7807.50
448.00 6814.77
449.00 13899.43
450.00 20852.10
451.00 21902.82
452.00 21471.18
453.00 20615.62
454.00 19634.49
455.00 18323.69
