Name: In-silico spectrum 71
Formula:
MW:
CAS#:
Comments: in-silico spectrum
Num peaks: 34
29.00 38.22
39.00 74.38
41.00 574.85
42.00 90.42
43.00 543.79
53.00 104.18
54.00 42.61
55.00 660.98
56.00 314.81
57.00 712.63
58.00 33.32
67.00 195.15
68.00 219.18
69.00 723.74
70.00 254.79
71.00 443.72
81.00 237.70
82.00 42.56
83.00 431.01
84.00 91.51
85.00 254.95
95.00 229.39
97.00 433.35
98.00 97.57
99.00 76.37
110.00 81.77
111.00 254.31
112.00 50.25
113.00 50.89
125.00 160.15
126.00 56.28
139.00 78.09
140.00 74.17
141.00 96.12
