Name: In-silico spectrum 79
Formula:
MW:
CAS#:
Comments: in-silico spectrum
Num peaks: 89
27.00 21.99
28.00 9.28
29.00 84.41
39.00 37.39
40.00 7.11
41.00 316.94
42.00 81.49
43.00 745.20
44.00 20.86
53.00 14.82
54.00 17.91
55.00 252.04
56.00 180.72
57.00 908.60
58.00 42.33
65.00 0.67
67.00 20.06
68.00 21.35
69.00 150.61
70.00 131.72
71.00 609.31
72.00 31.06
82.00 8.81
83.00 102.48
84.00 81.46
85.00 414.38
86.00 26.28
96.00 10.98
97.00 86.79
98.00 44.71
99.00 130.79
100.00 11.37
111.00 46.91
112.00 37.85
113.00 90.84
114.00 7.60
124.00 0.50
125.00 23.56
126.00 29.58
127.00 67.76
128.00 5.30
139.00 9.31
140.00 24.37
141.00 51.74
142.00 5.65
153.00 3.73
154.00 21.47
155.00 43.18
156.00 5.04
167.00 4.93
168.00 27.91
169.00 33.05
170.00 2.85
182.00 14.39
183.00 28.81
184.00 4.63
196.00 13.10
197.00 20.28
198.00 1.89
210.00 15.94
211.00 22.20
224.00 21.74
225.00 21.83
226.00 5.74
238.00 11.25
239.00 23.36
240.00 2.37
252.00 10.34
253.00 15.16
266.00 9.52
267.00 14.41
268.00 2.62
280.00 12.50
281.00 19.16
282.00 3.02
294.00 8.33
295.00 19.08
296.00 6.68
308.00 5.30
309.00 14.23
310.00 2.26
323.00 6.49
324.00 3.58
336.00 0.87
337.00 5.29
338.00 1.14
350.00 0.11
351.00 8.74
421.00 0.15
