Name: In-silico spectrum 17
Formula:
MW:
CAS#:
Comments: in-silico spectrum
Num peaks: 66
15.00 1.66
26.00 7.01
27.00 132.46
28.00 36.65
29.00 218.50
30.00 1.19
39.00 102.64
40.00 24.79
41.00 527.25
42.00 117.63
43.00 634.53
44.00 22.26
51.00 9.26
53.00 44.68
54.00 53.79
55.00 603.30
56.00 239.66
57.00 569.68
58.00 23.73
65.00 11.00
66.00 5.16
67.00 156.75
68.00 97.17
69.00 431.25
70.00 190.44
71.00 267.21
72.00 13.41
77.00 10.75
81.00 54.93
82.00 268.58
83.00 494.65
84.00 147.46
85.00 170.44
86.00 8.96
91.00 6.30
95.00 28.52
96.00 47.74
97.00 291.57
98.00 60.77
99.00 1.39
100.00 0.13
110.00 17.95
111.00 172.19
112.00 46.11
115.00 1.14
124.00 12.54
125.00 78.98
126.00 28.53
131.00 20.48
132.00 0.20
138.00 8.39
139.00 40.68
140.00 29.32
152.00 7.16
153.00 25.01
154.00 14.13
166.00 8.40
167.00 21.98
180.00 3.81
181.00 8.85
182.00 12.22
195.00 2.36
209.00 3.28
210.00 8.01
222.00 0.70
223.00 4.76
