Name: In-silico spectrum 49
Formula:
MW:
CAS#:
Comments: in-silico spectrum
Num peaks: 51
26.00 2.61
27.00 91.86
28.00 19.92
29.00 159.46
30.00 1.76
39.00 68.22
40.00 10.57
41.00 336.01
42.00 88.94
43.00 774.17
44.00 21.01
51.00 0.19
53.00 19.06
54.00 10.28
55.00 176.06
56.00 178.59
57.00 827.36
58.00 37.63
65.00 1.19
68.00 4.25
69.00 85.66
70.00 140.34
71.00 528.80
72.00 26.31
83.00 13.65
84.00 97.86
85.00 354.03
86.00 21.40
97.00 8.93
98.00 30.70
99.00 73.25
100.00 5.60
111.00 2.21
112.00 33.37
113.00 45.95
114.00 2.55
126.00 25.65
127.00 37.37
128.00 2.73
140.00 15.53
141.00 26.89
142.00 2.94
154.00 12.28
155.00 21.11
156.00 1.90
169.00 2.32
182.00 8.00
183.00 13.24
184.00 0.99
210.00 4.38
211.00 2.16
