Name: In-silico spectrum 22
Formula:
MW:
CAS#:
Comments: in-silico spectrum
Num peaks: 48
26.00 3.41
27.00 102.17
28.00 21.96
29.00 168.59
30.00 2.16
39.00 72.83
40.00 12.17
41.00 334.67
42.00 88.34
43.00 758.56
44.00 21.22
51.00 2.30
53.00 21.21
54.00 8.63
55.00 167.13
56.00 176.31
57.00 791.59
58.00 35.73
65.00 2.29
68.00 2.82
69.00 80.71
70.00 140.62
71.00 500.35
72.00 24.93
83.00 6.99
84.00 99.53
85.00 334.22
86.00 20.15
97.00 1.42
98.00 28.23
99.00 61.94
100.00 4.39
112.00 32.06
113.00 37.45
114.00 1.49
126.00 24.59
127.00 31.25
128.00 2.68
140.00 14.38
141.00 22.32
142.00 2.37
154.00 10.82
155.00 16.83
156.00 1.05
182.00 6.50
183.00 10.02
184.00 0.19
210.00 2.50
