Name: In-silico spectrum 56
Formula:
MW:
CAS#:
Comments: in-silico spectrum
Num peaks: 35
57.00 888.70
411.00 3779.87
412.00 3981.84
413.00 4681.13
414.00 5030.01
415.00 4849.39
416.00 4594.84
417.00 4596.38
418.00 4296.14
419.00 3879.95
420.00 11813.75
421.00 15361.32
422.00 21275.32
423.00 23708.41
424.00 23384.71
425.00 22693.00
426.00 21543.04
427.00 20216.43
428.00 18738.25
431.00 950.68
432.00 1688.13
433.00 2076.79
434.00 1646.78
435.00 2181.34
436.00 1753.14
437.00 1719.38
447.00 12256.31
448.00 10683.44
449.00 21898.89
450.00 32850.40
451.00 34484.45
452.00 33787.29
453.00 32453.52
454.00 30923.59
455.00 28912.55
