Name: In-silico spectrum 41
Formula:
MW:
CAS#:
Comments: in-silico spectrum
Num peaks: 43
26.00 2.69
27.00 119.57
28.00 23.80
29.00 182.45
30.00 0.41
39.00 78.42
40.00 10.87
41.00 310.66
42.00 84.08
43.00 738.07
44.00 19.68
51.00 3.96
53.00 18.45
54.00 3.98
55.00 100.98
56.00 160.32
57.00 741.98
58.00 33.39
65.00 0.89
69.00 25.16
70.00 131.60
71.00 463.66
72.00 22.56
84.00 94.90
85.00 306.78
86.00 17.27
98.00 19.52
99.00 41.23
100.00 3.47
112.00 27.04
113.00 22.02
114.00 0.22
126.00 21.20
127.00 21.06
128.00 1.31
140.00 8.57
141.00 12.56
142.00 1.37
154.00 6.24
155.00 9.35
156.00 0.33
182.00 3.89
183.00 3.13
