Name: In-silico spectrum 87
Formula:
MW:
CAS#:
Comments: in-silico spectrum
Num peaks: 34
15.00 25.38
26.00 5.92
27.00 222.15
28.00 39.81
29.00 296.31
30.00 5.00
38.00 7.42
39.00 128.17
40.00 17.64
41.00 352.45
42.00 97.89
43.00 788.25
44.00 20.93
50.00 6.82
51.00 14.72
52.00 1.79
53.00 26.34
55.00 8.72
56.00 162.18
57.00 629.26
58.00 26.08
65.00 1.92
70.00 148.31
71.00 345.09
72.00 15.23
84.00 122.22
85.00 218.59
86.00 10.20
112.00 20.50
115.00 7.90
126.00 15.71
129.00 1.39
131.00 26.91
132.00 1.73
