Name: In-silico spectrum 12
Formula:
MW:
CAS#:
Comments: in-silico spectrum
Num peaks: 35
15.00 15.55
26.00 7.52
27.00 207.46
28.00 37.64
29.00 284.23
30.00 6.33
38.00 3.42
39.00 119.55
40.00 16.02
41.00 375.03
42.00 102.73
43.00 809.65
44.00 21.19
50.00 0.73
51.00 11.30
52.00 3.75
53.00 26.24
54.00 0.69
55.00 75.60
56.00 177.57
57.00 675.71
58.00 28.60
65.00 2.25
70.00 156.51
71.00 379.72
72.00 17.83
84.00 127.76
85.00 244.12
86.00 13.53
98.00 9.48
112.00 27.22
115.00 1.65
126.00 19.77
131.00 19.87
140.00 2.11
