Name: In-silico spectrum 83
Formula:
MW:
CAS#:
Comments: in-silico spectrum
Num peaks: 35
57.00 281.03
411.00 1210.25
412.00 1242.71
413.00 1494.38
414.00 1583.91
415.00 1546.10
416.00 1504.29
417.00 1496.16
418.00 1392.13
419.00 1271.84
420.00 3618.81
421.00 4697.45
422.00 6417.65
423.00 7175.87
424.00 7061.35
425.00 6867.34
426.00 6532.21
427.00 6156.41
428.00 5685.19
431.00 291.47
432.00 554.10
433.00 668.74
434.00 531.95
435.00 718.72
436.00 570.75
437.00 541.08
447.00 3742.54
448.00 3277.51
449.00 6625.11
450.00 9943.82
451.00 10452.97
452.00 10257.09
453.00 9842.48
454.00 9365.89
455.00 8714.52
