Name: In-silico spectrum 44
Formula:
MW:
CAS#:
Comments: in-silico spectrum
Num peaks: 106
27.00 0.12
28.00 5.20
29.00 56.98
39.00 26.16
40.00 6.64
41.00 291.98
42.00 73.47
43.00 721.05
44.00 21.02
53.00 13.75
54.00 15.11
55.00 242.61
56.00 171.91
57.00 916.48
58.00 42.85
65.00 0.76
67.00 19.29
68.00 19.71
69.00 146.20
70.00 123.18
71.00 627.21
72.00 32.43
81.00 0.64
82.00 2.34
83.00 95.98
84.00 71.39
85.00 428.40
86.00 27.59
91.00 0.86
96.00 16.09
97.00 88.82
98.00 44.78
99.00 146.61
100.00 12.87
110.00 4.08
111.00 47.60
112.00 36.13
113.00 103.95
114.00 9.22
124.00 3.47
125.00 25.43
126.00 28.78
127.00 76.84
128.00 6.70
139.00 9.91
140.00 24.56
141.00 58.54
142.00 6.46
152.00 0.41
153.00 5.84
154.00 22.93
155.00 49.77
156.00 6.03
167.00 4.81
168.00 38.37
169.00 41.43
170.00 3.81
182.00 14.30
183.00 32.75
184.00 5.39
196.00 23.82
197.00 28.42
198.00 3.50
210.00 16.97
211.00 27.44
212.00 0.13
224.00 32.62
225.00 30.17
226.00 6.96
238.00 16.05
239.00 33.73
240.00 4.89
252.00 18.51
253.00 23.97
254.00 1.52
266.00 14.03
267.00 21.60
268.00 4.45
280.00 17.02
281.00 25.45
282.00 4.26
294.00 16.25
295.00 29.65
296.00 9.84
308.00 10.53
309.00 21.31
310.00 3.64
322.00 3.98
323.00 14.05
324.00 5.74
336.00 8.60
337.00 14.10
338.00 3.82
350.00 6.29
351.00 19.13
352.00 4.11
364.00 0.05
365.00 3.84
379.00 0.84
392.00 0.09
393.00 4.15
394.00 0.48
421.00 3.69
449.00 0.72
463.00 1.32
477.00 0.70
