Name: In-silico spectrum 62
Formula:
MW:
CAS#:
Comments: in-silico spectrum
Num peaks: 43
26.00 2.79
27.00 115.06
28.00 23.35
29.00 176.50
30.00 0.29
39.00 76.34
40.00 11.19
41.00 307.15
42.00 82.92
43.00 723.50
44.00 19.56
51.00 4.08
53.00 19.00
54.00 4.54
55.00 108.42
56.00 159.44
57.00 732.20
58.00 32.94
65.00 1.45
69.00 33.07
70.00 130.47
71.00 458.21
72.00 22.42
84.00 93.58
85.00 303.56
86.00 17.20
98.00 20.52
99.00 43.30
100.00 3.66
112.00 27.24
113.00 23.70
114.00 0.31
126.00 21.37
127.00 22.08
128.00 1.58
140.00 9.50
141.00 13.74
142.00 1.51
154.00 6.80
155.00 10.06
156.00 0.25
182.00 4.17
183.00 3.87
