Name: In-silico spectrum 59
Formula:
MW:
CAS#:
Comments: in-silico spectrum
Num peaks: 32
29.00 25.67
39.00 45.94
41.00 342.56
42.00 80.02
43.00 734.65
54.00 24.01
55.00 377.02
56.00 192.25
57.00 1077.88
58.00 48.98
68.00 37.84
69.00 248.98
70.00 140.77
71.00 719.24
81.00 31.86
82.00 79.29
83.00 237.49
84.00 68.64
85.00 524.44
97.00 178.91
98.00 65.88
99.00 191.39
110.00 6.03
111.00 100.12
112.00 27.21
113.00 131.17
125.00 50.97
127.00 88.80
141.00 130.42
155.00 56.88
168.00 85.83
169.00 129.73
