Name: In-silico spectrum 64
Formula:
MW:
CAS#:
Comments: in-silico spectrum
Num peaks: 35
57.00 1459.17
411.00 6171.94
412.00 6533.61
413.00 7646.38
414.00 8243.18
415.00 7923.51
416.00 7466.19
417.00 7474.98
418.00 6998.54
419.00 6306.16
420.00 19461.57
421.00 25315.13
422.00 35158.35
423.00 39151.05
424.00 38633.47
425.00 37477.43
426.00 35563.95
427.00 33345.00
428.00 30930.64
431.00 1566.04
432.00 2737.26
433.00 3386.18
434.00 2684.09
435.00 3541.04
436.00 2848.41
437.00 2818.96
447.00 20200.99
448.00 17596.08
449.00 36162.95
450.00 54247.02
451.00 56930.05
452.00 55765.96
453.00 53574.16
454.00 51061.20
455.00 47785.38
