Name: In-silico spectrum 35
Formula:
MW:
CAS#:
Comments: in-silico spectrum
Num peaks: 34
27.00 28.56
29.00 87.84
39.00 64.66
41.00 366.65
42.00 84.98
43.00 789.67
53.00 62.53
54.00 10.57
55.00 267.34
56.00 175.62
57.00 1054.39
58.00 52.86
68.00 14.61
69.00 152.82
70.00 137.48
71.00 693.13
83.00 72.29
84.00 55.40
85.00 456.72
97.00 60.02
98.00 53.47
99.00 148.61
111.00 28.35
112.00 23.55
113.00 99.09
125.00 3.83
126.00 26.01
127.00 69.35
139.00 5.60
140.00 2.17
141.00 107.86
155.00 47.40
168.00 8.02
169.00 93.93
