Name: In-silico spectrum 36
Formula:
MW:
CAS#:
Comments: in-silico spectrum
Num peaks: 35
57.00 541.31
411.00 2314.98
412.00 2414.07
413.00 2861.74
414.00 3059.38
415.00 2963.09
416.00 2836.95
417.00 2830.16
418.00 2640.86
419.00 2395.76
420.00 7114.33
421.00 9245.74
422.00 12740.63
423.00 14216.30
424.00 14008.94
425.00 13607.12
426.00 12924.55
427.00 12148.22
428.00 11243.16
431.00 572.58
432.00 1043.98
433.00 1273.00
434.00 1010.49
435.00 1349.45
436.00 1080.55
437.00 1044.44
447.00 7373.56
448.00 6435.91
449.00 13128.65
450.00 19696.20
451.00 20687.74
452.00 20279.63
453.00 19472.01
454.00 18545.16
455.00 17308.08
