Name: In-silico spectrum 90
Formula:
MW:
CAS#:
Comments: in-silico spectrum
Num peaks: 35
57.00 859.99
411.00 3661.08
412.00 3851.48
413.00 4533.25
414.00 4867.36
415.00 4695.68
416.00 4455.46
417.00 4456.02
418.00 4163.04
419.00 3762.22
420.00 11415.78
421.00 14842.52
422.00 20542.63
423.00 22896.46
424.00 22580.91
425.00 21915.32
426.00 20806.69
427.00 19529.74
428.00 18097.96
431.00 918.58
432.00 1637.49
433.00 2011.93
434.00 1595.47
435.00 2115.73
436.00 1700.09
437.00 1663.57
447.00 11842.08
448.00 10324.40
449.00 21148.19
450.00 31725.01
451.00 33305.70
452.00 32634.54
453.00 31344.56
454.00 29865.13
455.00 27915.88
