Name: In-silico spectrum 42
Formula:
MW:
CAS#:
Comments: in-silico spectrum
Num peaks: 35
39.00 38.28
41.00 277.25
42.00 62.23
43.00 619.95
53.00 54.81
54.00 16.49
55.00 325.38
56.00 194.25
57.00 1006.43
58.00 44.74
68.00 34.08
69.00 247.53
70.00 144.87
71.00 698.33
81.00 44.69
82.00 50.00
83.00 204.10
84.00 60.64
85.00 502.75
97.00 178.15
98.00 57.73
99.00 192.19
110.00 10.02
111.00 99.64
112.00 23.54
113.00 136.49
125.00 52.15
126.00 25.38
127.00 90.95
139.00 48.95
140.00 45.60
141.00 127.99
155.00 59.37
168.00 98.40
169.00 122.47
