Name: In-silico spectrum 20
Formula:
MW:
CAS#:
Comments: in-silico spectrum
Num peaks: 35
57.00 846.77
411.00 3603.73
412.00 3793.24
413.00 4462.67
414.00 4792.98
415.00 4622.85
416.00 4383.93
417.00 4384.86
418.00 4097.21
419.00 3701.79
420.00 11247.10
421.00 14623.65
422.00 20244.92
423.00 22563.06
424.00 22253.19
425.00 21596.36
426.00 20503.17
427.00 19243.26
428.00 17833.87
431.00 905.05
432.00 1611.07
433.00 1980.45
434.00 1570.45
435.00 2081.63
436.00 1672.76
437.00 1638.13
447.00 11667.61
448.00 10171.52
449.00 20840.54
450.00 31263.05
451.00 32819.87
452.00 32157.58
453.00 30887.15
454.00 29430.08
455.00 27511.77
