Name: In-silico spectrum 38
Formula:
MW:
CAS#:
Comments: in-silico spectrum
Num peaks: 35
57.00 472.18
411.00 2021.73
412.00 2097.00
413.00 2497.98
414.00 2662.71
415.00 2585.63
416.00 2488.78
417.00 2479.99
418.00 2312.08
419.00 2102.57
420.00 6157.41
421.00 7999.56
422.00 10992.24
423.00 12273.76
424.00 12089.55
425.00 11748.29
426.00 11162.72
427.00 10501.57
428.00 9712.03
431.00 495.86
432.00 916.25
433.00 1113.15
434.00 884.10
435.00 1185.15
436.00 946.91
437.00 908.89
447.00 6377.26
448.00 5571.43
449.00 11333.60
450.00 17004.90
451.00 17866.33
452.00 17519.87
453.00 16818.23
454.00 16013.73
455.00 14930.73
