Name: In-silico spectrum 14
Formula:
MW:
CAS#:
Comments: in-silico spectrum
Num peaks: 37
15.00 8.46
26.00 6.36
27.00 177.16
28.00 33.23
29.00 251.36
30.00 5.25
38.00 0.34
39.00 106.15
40.00 14.58
41.00 364.30
42.00 99.18
43.00 793.91
44.00 20.92
51.00 8.43
52.00 2.14
53.00 24.39
54.00 3.77
55.00 104.51
56.00 177.69
57.00 707.71
58.00 30.67
65.00 2.04
69.00 24.05
70.00 152.06
71.00 412.91
72.00 19.77
84.00 120.02
85.00 269.01
86.00 15.37
98.00 15.32
99.00 0.29
112.00 29.01
126.00 21.34
131.00 12.32
140.00 5.98
154.00 1.71
182.00 0.86
