Name: In-silico spectrum 80
Formula:
MW:
CAS#:
Comments: in-silico spectrum
Num peaks: 34
27.00 19.75
29.00 81.12
39.00 62.60
41.00 374.96
42.00 89.23
43.00 820.93
53.00 62.10
54.00 14.89
55.00 294.69
56.00 180.26
57.00 1097.81
58.00 54.27
68.00 23.92
69.00 173.54
70.00 134.44
71.00 714.42
83.00 106.73
84.00 59.56
85.00 490.59
97.00 90.65
98.00 59.42
99.00 163.14
111.00 43.70
112.00 26.79
113.00 108.84
125.00 15.29
126.00 28.77
127.00 76.35
139.00 10.56
140.00 7.40
141.00 115.57
155.00 50.26
168.00 22.62
169.00 105.33
