Name: In-silico spectrum 86
Formula:
MW:
CAS#:
Comments: in-silico spectrum
Num peaks: 35
57.00 1331.44
411.00 5631.61
412.00 5964.67
413.00 6977.19
414.00 7524.04
415.00 7229.89
416.00 6809.96
417.00 6818.72
418.00 6384.40
419.00 5751.69
420.00 17772.39
421.00 23117.48
422.00 32113.75
423.00 35757.45
424.00 35286.07
425.00 34229.61
426.00 32481.20
427.00 30452.62
428.00 28249.95
431.00 1430.39
432.00 2496.63
433.00 3089.87
434.00 2449.10
435.00 3229.40
436.00 2597.93
437.00 2573.53
447.00 18448.27
448.00 16068.39
449.00 33029.95
450.00 49545.21
451.00 51993.70
452.00 50928.46
453.00 48928.20
454.00 46635.49
455.00 43647.52
