Name: In-silico spectrum 51
Formula:
MW:
CAS#:
Comments: in-silico spectrum
Num peaks: 32
29.00 1.92
39.00 47.86
41.00 349.24
42.00 71.97
43.00 733.16
54.00 19.65
55.00 397.42
56.00 220.03
57.00 1169.03
58.00 52.47
68.00 36.47
69.00 290.19
70.00 178.54
71.00 815.93
81.00 47.53
82.00 53.93
83.00 235.24
84.00 71.52
85.00 584.55
97.00 191.84
98.00 65.49
99.00 216.98
110.00 15.28
111.00 113.35
112.00 24.19
113.00 154.38
125.00 57.99
127.00 102.47
141.00 149.65
155.00 70.57
168.00 99.14
169.00 140.73
