Name: In-silico spectrum 10
Formula:
MW:
CAS#:
Comments: in-silico spectrum
Num peaks: 32
27.00 6.49
29.00 50.05
39.00 25.96
41.00 379.72
42.00 114.70
43.00 714.52
54.00 65.34
55.00 387.00
56.00 246.01
57.00 1049.86
58.00 28.87
68.00 61.11
69.00 261.28
70.00 112.00
71.00 683.49
82.00 90.17
83.00 250.57
84.00 50.91
85.00 453.80
97.00 204.65
98.00 263.35
99.00 250.41
110.00 5.18
111.00 118.18
112.00 52.69
113.00 121.13
125.00 73.85
127.00 124.40
141.00 62.75
155.00 71.37
168.00 50.47
169.00 42.34
