Name: In-silico spectrum 48
Formula:
MW:
CAS#:
Comments: in-silico spectrum
Num peaks: 69
26.00 0.78
27.00 56.90
28.00 14.51
29.00 123.67
30.00 0.75
39.00 52.80
40.00 7.66
41.00 328.25
42.00 86.90
43.00 769.94
44.00 20.26
53.00 15.26
54.00 15.26
55.00 211.86
56.00 181.05
57.00 880.71
58.00 40.82
67.00 2.95
68.00 12.42
69.00 114.76
70.00 136.46
71.00 577.71
72.00 29.01
83.00 54.31
84.00 90.44
85.00 389.88
86.00 24.07
97.00 45.86
98.00 38.30
99.00 103.58
100.00 8.72
111.00 23.31
112.00 36.59
113.00 69.33
114.00 5.18
125.00 8.30
126.00 28.14
127.00 53.41
128.00 3.36
139.00 1.77
140.00 20.36
141.00 39.80
142.00 4.40
154.00 17.23
155.00 32.62
156.00 3.64
167.00 1.70
168.00 8.65
169.00 18.51
170.00 1.13
182.00 12.15
183.00 21.89
184.00 3.10
197.00 6.73
210.00 10.94
211.00 12.83
224.00 0.95
225.00 6.56
226.00 2.79
238.00 1.31
239.00 6.79
253.00 0.21
267.00 1.44
280.00 1.87
281.00 7.36
282.00 0.67
296.00 0.87
309.00 2.20
324.00 0.20
