Name: In-silico spectrum 24
Formula:
MW:
CAS#:
Comments: in-silico spectrum
Num peaks: 35
57.00 918.86
411.00 3906.11
412.00 4115.51
413.00 4837.65
414.00 5198.83
415.00 5011.84
416.00 4747.27
417.00 4748.94
418.00 4439.32
419.00 4008.56
420.00 12212.99
421.00 15880.94
422.00 21997.82
423.00 24513.19
424.00 24179.21
425.00 23463.22
426.00 22273.75
427.00 20901.15
428.00 19373.73
431.00 982.97
432.00 1743.83
433.00 2145.89
434.00 1701.53
435.00 2253.57
436.00 1811.31
437.00 1776.88
447.00 12670.63
448.00 11044.56
449.00 22641.71
450.00 33965.09
451.00 35654.53
452.00 34933.72
453.00 33554.78
454.00 31972.86
455.00 29894.79
