Name: In-silico spectrum 34
Formula:
MW:
CAS#:
Comments: in-silico spectrum
Num peaks: 66
15.00 0.39
26.00 6.80
27.00 126.43
28.00 35.64
29.00 211.73
30.00 0.82
39.00 99.70
40.00 24.57
41.00 525.79
42.00 116.62
43.00 629.37
44.00 22.28
51.00 8.75
53.00 44.45
54.00 54.40
55.00 611.94
56.00 239.38
57.00 572.84
58.00 23.93
65.00 11.05
66.00 5.40
67.00 160.35
68.00 99.13
69.00 438.65
70.00 189.45
71.00 271.24
72.00 13.67
77.00 11.01
81.00 59.60
82.00 274.44
83.00 505.23
84.00 145.86
85.00 173.59
86.00 9.29
91.00 7.47
95.00 33.37
96.00 51.08
97.00 299.84
98.00 61.94
99.00 5.73
100.00 0.56
110.00 20.01
111.00 176.90
112.00 46.25
115.00 0.53
124.00 13.68
125.00 81.85
126.00 28.68
131.00 19.22
132.00 0.06
138.00 9.21
139.00 41.98
140.00 29.93
152.00 7.92
153.00 26.47
154.00 14.80
166.00 8.65
167.00 22.58
180.00 4.46
181.00 9.48
182.00 12.62
195.00 2.97
209.00 3.86
210.00 8.85
222.00 1.71
223.00 5.99
