Name: In-silico spectrum 65
Formula:
MW:
CAS#:
Comments: in-silico spectrum
Num peaks: 35
57.00 693.36
411.00 2957.51
412.00 3099.58
413.00 3659.17
414.00 3921.71
415.00 3789.91
416.00 3609.70
417.00 3606.34
418.00 3367.28
419.00 3048.09
420.00 9164.50
421.00 11912.81
422.00 16457.63
423.00 18352.34
424.00 18093.01
425.00 17565.56
426.00 16680.58
427.00 15665.82
428.00 14509.34
431.00 737.65
432.00 1327.42
433.00 1625.65
434.00 1289.43
435.00 1715.50
436.00 1376.51
437.00 1339.88
447.00 9503.06
448.00 8289.22
449.00 16949.47
450.00 25427.16
451.00 26700.08
452.00 26166.60
453.00 25129.14
454.00 23938.62
455.00 22361.86
