Name: In-silico spectrum 33
Formula:
MW:
CAS#:
Comments: in-silico spectrum
Num peaks: 39
15.00 8.93
26.00 4.14
27.00 162.94
28.00 30.91
29.00 232.48
30.00 2.50
38.00 0.83
39.00 100.24
40.00 13.58
41.00 337.94
42.00 92.69
43.00 768.06
44.00 20.04
50.00 0.90
51.00 7.90
53.00 21.87
54.00 2.62
55.00 78.23
56.00 166.09
57.00 705.14
58.00 30.87
65.00 1.21
69.00 2.85
70.00 141.76
71.00 418.87
72.00 19.66
84.00 108.93
85.00 273.03
86.00 14.42
98.00 13.35
99.00 6.20
100.00 0.18
112.00 25.93
126.00 19.96
127.00 2.00
131.00 10.08
140.00 4.49
154.00 1.66
182.00 1.14
