Name: In-silico spectrum 54
Formula:
MW:
CAS#:
Comments: in-silico spectrum
Num peaks: 34
15.00 12.89
26.00 4.48
27.00 182.81
28.00 33.88
29.00 255.91
30.00 3.54
38.00 2.39
39.00 109.90
40.00 13.94
41.00 348.34
42.00 96.66
43.00 786.07
44.00 20.00
50.00 1.92
51.00 9.04
53.00 22.08
54.00 1.94
55.00 61.01
56.00 167.71
57.00 692.64
58.00 30.13
65.00 0.58
70.00 145.47
71.00 401.75
72.00 18.45
84.00 114.94
85.00 259.94
86.00 13.28
98.00 10.07
112.00 25.41
115.00 0.23
126.00 19.30
131.00 13.33
140.00 2.20
