Name: In-silico spectrum 37
Formula:
MW:
CAS#:
Comments: in-silico spectrum
Num peaks: 35
57.00 575.06
411.00 2458.74
412.00 2566.93
413.00 3039.91
414.00 3251.91
415.00 3148.01
416.00 3010.60
417.00 3004.27
418.00 2803.42
419.00 2542.10
420.00 7570.29
421.00 9838.41
422.00 13565.17
423.00 15134.61
424.00 14915.32
425.00 14486.00
426.00 13758.41
427.00 12929.57
428.00 11968.43
431.00 609.37
432.00 1107.90
433.00 1352.00
434.00 1073.22
435.00 1431.87
436.00 1146.95
437.00 1110.08
447.00 7846.94
448.00 6847.83
449.00 13976.93
450.00 20968.13
451.00 22022.53
452.00 21586.76
453.00 20727.91
454.00 19742.30
455.00 18429.31
